(31.806088278267215,46.30129648144799,41.6243715507415,1.4324961054299628,9.315871444011488,7.2104182604089715,18.623133656293284,34.84540684388326)
(37.12403291233568,37.76200128776557,49.44266180489559,7.81498559894084,36.984898376005304,31.541873822786386,45.25486121855199,54.639714551925756)
(35.90975360650305,3.1757482345091104,36.837043719534684,9.159594710672689,21.09105386719899,47.60819011106682,48.600082686677304,54.346476642163395)
(45.752325640754876,31.913729181126783,22.6788709045647,10.009696624334794,53.27223904493876,30.05988309502446,7.822468838004845,54.28331060081554)
(42.510795901018376,17.718579727654923,26.469929208511765,14.465133658571565,6.457652585746699,9.21958080664338,6.014777523174846,50.551556267310986)
(7.220725022953873,2.008234514790165,33.54697897610286,7.305547863022088,13.825552810995994,7.159544779176305,25.258517978784088,1.1848874773075835)
(12.247495484061208,8.34013505721222,15.948452772697484,52.97241643892586,20.041624567227444,6.470514597963606,33.71349505685378,4.001194718177693)
(49.38911650920461,4.706400377506521,40.7267008777196,43.706246229472455,23.044402579535486,50.74280143327598,35.646806962956774,9.907871405194276)
(2.7600955674056777,54.49287966471078,5.104773626090896,19.269737878223264,12.695832638286078,44.07991148920048,24.678692918235562,29.36550067447469)
(16.04143371490747,23.000428121980985,11.392246133574957,56.1960763282665,13.273014289804028,26.4039697735167,48.039448691094115,27.177606104369392)
(52.45348143251349,47.09387900545006,54.430573662661075,45.99560394383377,37.14206930476722,3.909373520377504,32.77389495089534,36.64893217985467)
(9.033254813625241,25.733123893440325,39.98838670260204,56.94720386544319,22.942323360012818,12.705181536350397,29.625782422432888,36.57003197811852)
(37.22722976803286,24.915113289976617,26.308861428198302,16.151641978961287,13.43046771822018,3.5357092399490586,46.563519612828614,34.187026046165144)
(22.710894508409254,18.231385048563105,21.57962972175008,6.314699006901652,41.35860964791163,2.6299635468674203,41.35894373221991,24.500941336575714)
(8.046380753598479,8.162275246797195,2.7463400212903575,4.840430930897899,52.18658165059532,56.42665221050868,43.32939153257752,30.039858314736783)
(26.637117547558816,25.94500190349188,29.769812770362105,11.062674410723307,31.45444663241887,17.578573594695275,42.764941577643626,18.94570390833869)
(23.40893414260894,13.889339881072516,0.2620403064126784,39.425985893764626,56.81651281649863,9.414487841361785,0.9926862557352417,18.89243185288464)
(8.464866501763709,46.19202656399393,7.430216161435106,32.243119935424986,25.650440384789306,52.510739253608676,4.995138766979347,47.30478902520801)
(4.859321823021054,43.596151187123276,12.40592007514823,6.920546510900558,8.316380179746876,20.3337514523396,27.484287631368975,30.677498311721102)
(17.69556985571568,6.35235197811402,39.70595510613514,46.51172976062306,33.36343617390301,45.988730666356076,19.973979416162983,18.623100527721512)
(36.321253017247095,50.251497198328494,13.714348525052818,16.5940122012257,12.983788357525551,54.14518140615872,48.41886819659849,5.111882037666189)
(7.717216603015525,41.01842030490364,12.907156999227368,22.32899786113948,32.38373036663621,18.84956586244195,29.233317598062854,9.309698963414933)
(24.027469253490064,4.527683295205013,54.96622505478713,5.865155086958177,31.284596301982948,55.19209325773369,27.156920992466116,48.964601866363715)
(34.98142426326854,4.760467142660948,11.929706250359354,14.833678102692966,1.8046052413517253,20.503163903972116,19.50317311891802,20.857361731668338)
(55.27147929374736,22.906579730270103,18.96183632122021,15.728752306738933,41.60151066659409,47.89237930131998,36.97183357132203,44.88536425835497)
(16.48262950706734,17.913248445743772,47.206039435859815,45.37109146492921,19.25032880271841,12.623106164491398,37.18969360650371,44.585301114827246)
(21.00485631019246,4.364925299141939,14.513536930949028,7.554666903086122,7.786034443969792,12.507594621341473,14.85429328932436,52.85109551072536)
(40.532694778702556,24.025792456657577,54.931979835947025,18.779575311495833,42.44521311469322,41.667768876372016,48.10972799295199,22.940744373263605)
(22.384519660284035,31.980231509387938,19.970785767893364,21.458102923528404,32.31808117909546,15.479314937470647,41.4643217626691,16.1147272264755)
(44.58922846935475,9.586511405310885,0.8573343765217315,35.53015575317202,29.81079939328041,39.73960426079344,16.16917818095765,37.44619219713795)
(9.329858031298226,46.63512633800079,55.053562149882666,48.202993056216656,46.243447956275716,28.94444204573728,9.19389844685868,4.511328483569683)
(9.976367890832396,2.0152289330877,17.820276566686022,20.84308515707936,19.52287412317787,10.87065714845495,43.71456212378207,39.03526898664881)
(17.588367575481367,26.646938709226085,47.32182710673699,5.04459930316464,26.38769083737382,13.752134832821513,20.6679541095202,21.575031720063624)
(48.60843438539333,43.73145520219607,31.060969476643795,49.587931913316986,47.84720754325122,38.79720473360573,48.05521240390371,48.88658768443013)
(25.799310884562036,40.83518379478463,6.280668884322514,53.17884597935583,14.564453069534052,2.1209995668842874,10.236250673214972,29.304436449966015)
(48.12312998183915,10.429057107767228,21.53301922091285,40.0306821770902,40.48965596057091,30.06627185013618,3.8300957447553627,28.539711801715384)
(29.521617243642414,50.624604309934774,45.21083823103376,29.73858270488923,25.02314073561238,24.104566212878222,30.985444125959457,32.49896518888754)
(12.252938101698245,23.528565754708136,16.092121524151313,37.74825720818496,5.552466036316993,8.740098293157583,28.307087634257947,49.701219774545685)
(16.00851180010089,5.468947108150106,0.7642922301036272,23.614740884920362,2.624626564878912,28.78498691982556,1.4341888944494128,5.420564680522558)
(29.896640066892253,30.27101600908231,23.49982808716968,14.664118651997455,4.469365322766219,17.714857240479795,16.064519306597454,33.31729446657453)
(24.132895149534935,23.627436529704575,27.43526304456911,55.50503149227541,29.122883501041663,25.428807054387978,42.991339820715524,47.340780571755104)
(8.187294190501877,1.072021245424172,55.993461961494326,43.59755553593164,13.59861067595504,7.866284535507006,14.27745823439981,45.777041890618705)
(37.75477959386302,18.437282875529537,29.05092727725202,48.156088374748386,8.338770502658516,36.20433567796185,2.4367315767284676,50.192009442398856)
(21.039355227176557,21.12584721929791,34.252816531670845,26.94584901399093,55.38417786959259,10.938728407374875,43.61722680260025,40.11710051911143)
(27.702153283266192,22.111926460959122,32.622759416903605,17.340864110696877,37.17638868424726,35.13791128491117,9.788380747286,32.03028602223745)
(12.420242213554962,50.972146808780195,49.03193367791802,13.381584664363492,47.08217269758548,42.6080518239021,53.433494001849375,19.12124058810797)
(15.319065868979797,26.766520311312764,22.822965712927505,42.813790263150786,25.288438285719206,18.71770561459718,25.077169072016694,50.265205010125676)
(3.1185789271526616,32.80029733271561,48.660596295164936,11.922932276536166,14.613898696777479,11.871125463001288,37.92804276276298,7.202312562631873)
(3.124158423025325,20.639309005419094,20.809219289660668,44.57219851073902,42.90680238731434,1.3670360975362406,44.46164166015261,25.914532060322657)
(38.176116324380274,46.187696607608856,26.623842058336983,48.34186317643757,7.140080756754594,19.361739418969954,31.07463318242301,22.21545964578456)
(10.558537360613247,26.02428535502879,6.158524343170515,35.995820034086556,43.798658934758805,28.15445362783795,42.41840333739379,47.94834792010283)
(6.65789614118141,3.793396921818159,54.3727764055235,5.298494035846492,1.5438676331789325,4.578030986673197,8.159938179946954,27.47270706722161)
(46.37288352150146,45.32108698272024,18.950018542551714,31.1260230236298,18.596226523546008,44.43822017633611,43.26945353028662,10.91831545795905)
(12.340246813149275,51.341489686511096,28.92099431075115,20.159771636645537,23.051393785972582,44.81009275749652,53.49083603438284,20.791530907014206)
(11.154928588856208,5.048643367330135,18.052127491198355,2.3650230231697504,20.529246004297306,0.19067918053947408,8.210834056751382,28.455029798418064)
(9.23152558787139,18.647018888359412,30.93512678177396,46.315767564491075,41.84029075293435,20.312115856672094,33.64572607372178,17.28664382398971)
(55.56559924470608,5.757874297124315,55.21771169093076,33.37318396483595,32.69822862987589,45.82411907366524,14.608856691296483,10.19256024999471)
(9.948689724018713,44.657555755741754,13.212699870977277,32.17583011652349,15.351355823100384,8.167821202400606,51.516695156855576,38.95272610131481)
(4.879893589934161,13.368361373573368,24.971952305362162,52.79143809476577,20.93554821533214,10.277527982586907,13.829434075491301,21.736981943497362)
(15.678016979008323,27.868780712653493,12.217977953544574,56.225280885616364,18.478870463530384,34.5204500720934,38.58304023074384,15.74558955929212)
(20.03476818257291,30.784997088001077,16.676488508966866,22.331519293042096,15.978631913284616,0.10075456869136279,4.031256298599007,43.84926039436177)
(3.536053886492068,29.03060564374489,42.61528180702589,9.358450374140807,36.903932416749484,19.66572808123317,31.36026910043017,42.91885742518004)
(55.53974025370638,2.367422828127948,49.78159638955728,30.77981891379765,49.13075123430081,32.48885711732333,46.98621842959475,41.94495717334839)
(3.0369476510891564,52.83244062238316,55.5519470848911,56.70027376163677,32.16131746702,20.193600385172473,25.935892380097854,33.09388879877499)
(27.466622258015086,49.16261619713592,25.931418329810175,7.791572338095198,26.21953162461276,39.560062508022426,29.16348812488678,44.31883399039066)
(38.46523814527928,16.772317242144045,8.587958915450274,20.048085960522524,35.89226151741697,13.430331752768199,34.169660941380904,54.22315746373943)
(54.22969802573241,29.54954816655842,36.913144241292336,56.75476986886788,11.039934209013083,15.814814506096146,24.376378796292673,42.648051299842805)
(33.17656201438874,4.8585904905854695,12.869074852212004,5.326468484567741,51.58602989548996,6.322149653131469,5.2126806130506,52.17194381559173)
(2.399882702140024,35.360794587014816,17.164263426588743,14.268437608878056,41.649069192553966,54.6942009055867,45.39295780182112,40.078080055027336)
(7.713233099636468,40.59448454348457,52.65342108852054,36.44789575368314,21.002645147409282,17.350988450364355,4.294276004803994,12.824333929479405)
(9.564433411525007,56.65016130274473,51.87031339322109,0.4000869445162494,38.15145668986777,9.341710179316609,36.249408635016366,5.2468588615555705)
(21.26397940641169,20.925626958828765,43.46787649543352,36.93652562965881,43.96822521846781,33.63612999572941,35.72640987896615,16.579549987551648)
(4.464694054164276,1.2337376096704733,43.6526361456822,52.313449755210634,6.06163162845176,11.942019019930054,56.10865892720071,31.886829206475284)
(21.532305418247716,31.306018395420065,38.98721219728643,18.123144946979394,4.962683073755417,52.286689537950174,54.69241911909743,10.357527048853747)
(28.84602120674013,27.486137714989447,27.453155885753397,44.03369065537478,22.046649745142634,18.21489744693615,0.5031244896832223,22.06729000567333)
(33.92802657836982,27.206863569459436,14.248319599929966,35.966449638613234,22.398725367024106,55.58951960956303,50.21072348447876,21.077069284242093)
(23.37928563495947,44.38914314682989,12.633774075011512,16.03787195699902,47.70435084783662,5.776409024626963,43.25566802341653,54.57747262257611)
(33.23430417059409,50.378257788068076,23.573095971175533,22.705109782952608,35.6518873818247,34.83195160743784,5.164337157490133,25.38626605507852)
(9.702402056785212,39.7312104315058,11.67074305772768,10.038111342111902,33.72418087965124,25.734237672716134,0.8761510916484109,35.28851779263249)
(31.244821277203023,32.262184267116034,13.110765694516815,3.969062948760941,39.625455159279255,8.00979971946931,32.73133891414869,30.1367498647537)
(35.956338550063386,53.94724083759181,53.14177167616579,24.53582426058807,37.07307308111315,3.8611604477842225,19.08765757874398,24.812814562068716)
(42.793829839929884,54.27703165974298,30.721735786170317,22.096335044425686,53.47926852651509,11.713634722790701,51.59100413979485,43.370241696628625)
(56.80962323201355,41.216534470378576,24.14940462334952,24.628891015973668,53.989959621432284,43.787810271867144,45.96758189882159,8.441711052864985)
(35.09962158945409,52.98921711158043,21.11854494293079,54.23359556402555,30.383410403856267,40.68072254022092,21.14635022286202,36.10568929239864)
(53.083533545786935,42.37651576139946,26.136364006651984,45.17957114682068,47.383493795865746,9.393963791722689,8.374446658233742,6.056383225337317)
(22.356451668959227,28.91058571670301,38.52852849278873,40.585783785528655,32.056190092200985,0.4772354654261256,43.470219169995474,56.42624100721748)
(20.890245219786713,0.4471060533762492,46.55492081519591,47.660316435052025,24.626834164783002,7.949289775108317,3.6753784190400487,45.896298534981426)
(0.09570777475280867,7.152737498508642,54.77133309227133,29.407286936024555,3.255684947732413,21.62475365312472,0.5354768022740776,28.07543568354904)
(47.6700255715361,36.6607261907059,45.565344775086544,30.918217376787826,41.68192808387823,32.89628124282216,53.629436415962985,10.62317452488823)
(51.5055382131571,30.539957352078705,49.27854321515426,38.16532738274075,24.713444768684884,49.09406878774366,8.868571274014409,30.233494044512042)
(20.88529375099531,45.5706056238745,26.256639447412624,38.800597034742324,6.823304211246916,1.8369900643377006,11.096288104446048,52.62816920193476)
(27.46621893676715,13.992537840742003,26.85704177414603,10.521589428434881,0.46202346283560924,10.970450049495462,21.211661803316538,40.11161732827964)
(0.06103808999735305,17.138714285461074,39.01327360771831,32.68511519875002,39.42501172541976,38.48165809996541,2.186938913211796,45.5893920135578)
(4.967953485120943,47.55585589437995,0.07965084088531682,39.492061782545555,28.43242813778363,9.028408940372685,11.35163339773937,56.754808255265985)
(47.43443793116772,47.63065462971225,40.62764937919132,46.02574671090985,24.575202697319245,21.79661509732993,4.543834942385792,7.851556981828235)
(2.0467416342208518,8.007332652546767,40.860814085958,8.313055314587455,34.05718115501708,10.95937040017571,7.907623769899747,31.296675987501473)
(12.517035995837187,46.37724447609118,29.39261595732016,2.9487241992648157,20.159803707144356,36.28900630309777,12.15410641222149,28.536896125932735)
(42.52936251981598,34.22904681528572,41.41475767663915,46.128028391847366,7.61408380958137,13.19448799104201,8.0809343647861,35.87931957508608)
(49.01089703721185,15.165015927587255,53.0007731860506,6.633294829293116,49.571118185805474,16.819938743599746,19.745691783439522,18.38284831031603)
(44.991254853099775,8.017895065523799,21.000456996918427,45.9845114452319,39.44172310995559,29.20834918044064,4.486967333013207,29.82731282462093)
(40.07194575645677,30.127281609771977,27.04018670364964,44.223483520541386,39.427703524454735,42.325177965533484,24.572089350475576,31.13278246303438)
(28.750930187433912,2.424825701210514,27.013802341598982,38.834382234932306,36.924304753100664,5.293083854313663,28.961800286882283,38.706050885642426)
(30.853594231381756,54.55385992676987,33.77913094626518,36.23048206092736,36.21920376141128,20.07036280434181,7.570511273509868,1.5630274089870433)
(28.471224426769894,49.31489088244937,42.57254772511618,0.8372494491293531,43.279587007172914,4.034515801133048,25.058476974688883,2.1132479676003606)
(20.24926666811838,4.858301117845765,48.328025485336006,43.86885403210625,50.06409576184652,23.338197282711615,27.14641878580661,26.658497289977156)
(37.862407083176365,40.95797526580782,1.5938464582366911,5.208026270729759,47.638948718287466,44.48762366618695,7.746870284527282,2.996645018287296)
(46.81086681647212,51.50424079592627,1.2596773478953,11.156602215507318,11.836502324168077,7.840607063443462,3.4145509922509443,31.800826443167242)
(48.12141913640808,56.94262400309232,23.728722031473232,39.33964977683578,31.86591629075073,27.98353575378496,34.35509754851773,2.80049284200037)
(28.565682326614112,3.191678585647247,4.018555611662227,50.53345952659329,18.820329721483525,38.15979392287814,6.346333922974133,54.362222606836674)
(13.672151320809714,47.20948254068446,37.49842664258546,29.518267636074853,50.605758480882464,8.502826098193482,32.37798259425898,8.087312327332798)
(34.578691890618764,47.86722456535702,22.43390767834544,2.509600336271917,2.1418942847877096,32.482820347547076,52.963767212168236,45.225521553541014)
(26.162739517994492,47.36288331254342,30.148565691518073,12.73893116965338,41.287327579944964,35.1397149026202,40.40239268747701,48.04400148617907)
(10.82987808456663,35.82474892402129,54.4078234106105,12.15818683412213,0.5368167467019886,16.110071994807768,42.27754304937771,9.349461551868579)
(18.356272596586603,46.16564573274343,47.251304415841204,17.5206249981106,47.408036620458766,51.28367820551236,49.7197006824142,8.945338333155535)
(47.67463991065426,17.417651545607765,19.470062427339688,46.19671789655062,48.206169710301,51.59509391490133,27.427474379918326,24.05943180071217)
(44.39338987086377,52.77489679236418,34.27470777531088,21.068224526530944,25.901961198923807,1.9309297642552004,39.0181783730463,7.560163056608106)
(15.139381900321832,49.95881319951836,49.96969583571218,7.55079333614684,47.21508614149449,50.48764462391952,38.116985102244065,9.231615327339632)
(10.219119816900207,33.227175145466845,28.475921627780266,28.527279529554317,23.414279083812374,0.2576611440632691,3.2559484020901572,28.81666646892278)
(19.898412086902017,21.356631062063876,27.013563923964846,9.393806909081052,36.50876366286459,26.673474492481056,38.11267609517931,1.7816176449417802)
(16.353705123849366,50.44381288695692,15.83563589555168,47.95089234560916,14.062509322426102,52.66131723953348,4.965260054199354,4.024045004467949)
(21.33127068092979,31.097885233233004,48.88212675299075,30.249896370057296,54.53231827736938,34.555774759748296,25.20332575182547,28.754930455371785)
(19.47134337536627,17.444403958578313,13.07124893433903,50.22495923135047,52.02191165304367,49.08464619545448,14.705811143593127,2.9696833915103613)
(46.971891659298734,52.191210149226436,29.197374086819796,50.030439998460466,11.10633947161495,37.85271193403184,5.765765825929764,15.996885642798196)
(13.91807599018256,38.70418335260924,36.49941693733867,51.806811051262564,21.02290781673338,56.53161413854916,17.808618035842795,12.136130578239356)
(44.939658468798605,34.04096543278722,28.605091411069548,43.402342746071994,2.646304197323653,56.77285230432952,15.755855888094455,26.11006666433214)
(5.063793801433183,41.687148647099754,28.93489784795144,54.57614181079607,49.43111582340092,8.21362868372283,35.8101740807551,7.393325259302562)
(33.73632599016598,19.158317590581905,8.217789924704721,39.647574800876725,33.37968900130419,46.35280456716995,11.122134762429924,39.19520228799733)
(27.2667799128223,0.20999495333738294,5.523533200453708,25.560628366960206,33.76852813121402,17.145877228726416,27.81184624981349,6.8354702191238)
(24.14041301712942,32.79095328273298,8.773212067489613,43.47942764679496,40.36199485025311,0.01839867499708603,34.948101569329765,1.9485274259080358)
(47.84321128269525,40.936730698899346,43.512264743507345,33.29871883640813,4.378338588002043,52.97106659660744,1.0381339481042233,46.94274350591549)
(54.287791766133864,45.090346521638075,38.73668590529143,22.671310402579614,27.39402954867439,25.33941680879978,42.26551919590383,41.464628858129174)
(29.326074895386338,9.320315428218377,3.1533425326818483,39.70443516029451,56.30815044106948,45.727255152443384,34.86841739263215,35.03046786052069)
(12.72675331682457,3.4566359438049785,24.781961507208152,27.635776700063467,41.98562157020129,18.58426123321467,45.420879157752516,6.843152586679925)
(34.05491776782827,29.208516137638217,24.23594294613311,18.874124704924146,3.410275507221791,4.627855419118514,16.01995160209634,45.418067817915805)
(46.98112213848967,33.44810311386974,41.34627121868635,48.55255716553113,25.776059055699964,46.010592262637545,26.45808323359331,48.72029546328913)
(44.92682927094248,18.63794931796038,2.011594582342562,19.953326357369246,52.96172088766271,11.742856269432185,38.06494087289741,25.2575074609628)
(26.960192203926965,3.038797553250337,26.107738450669277,1.7702430860358929,50.879568972954075,8.187030790690711,19.646466795285175,28.44358245746078)
(25.020508327135136,31.65358596056566,50.61429305876185,5.037242489467519,52.350149711595634,0.7559666075153426,53.52592898576012,7.072924237899015)
(54.32909849160376,2.8566712057949615,54.52808378093405,54.85877789058583,28.11027145637538,42.344988529520435,30.916695617306793,29.481761661150742)
(7.006666622850297,6.292228415432388,37.81409657971032,45.229314880743594,16.3588654584685,37.6205232063376,46.21279597674825,15.67288733237626)
(51.04816349053801,12.949689348964576,33.55065207152492,30.056845009879464,32.37704233694042,7.810860654430322,53.02546331902387,22.832467046721263)
(19.79548654169954,47.780520552571545,6.6328019397851605,37.635771335640925,55.30256209347903,13.413890180118083,49.25585562773786,46.250173499781035)
(17.808085191879538,53.389447326277434,28.12870577232467,46.07066710688696,6.2006423884354716,40.30691872815604,35.34028333787011,10.257395042068033)
(43.35393781303272,16.596611529094588,29.993079897481547,20.09532105268175,47.485419251963144,53.147732257261545,24.329976035855232,47.12338155736042)
(33.35438569822775,47.96488761272472,42.089617681158984,14.487652893654564,47.935637465245776,9.4804809060552,40.22408442255733,32.456653376565036)
(52.43958267067294,11.2612535085013,21.377147056766976,18.63961019780863,3.437609838251926,21.05252236588158,51.155330251625685,45.64413964857614)
(8.70026842463016,35.346885350574766,9.565325644463048,23.310536657101565,22.281199872931357,29.44867048014603,19.169040836662536,44.62747277079094)
(11.143490379075315,18.086083095827853,2.701476407787226,39.49443173274669,27.75130867338814,27.740110008750495,25.528253336302033,6.164275970040914)
(36.280836878714055,0.5463295550731146,28.61388875832271,52.18397801760977,24.060658596762863,22.201466111462775,41.96362691576021,40.9605501140778)
(13.123441807603667,38.903388051331646,23.218021604616617,24.40049475558774,54.965207313242765,21.48335092336245,27.098597354549124,32.655631992087)
(33.0893903895592,30.29426555811779,8.516453944737359,33.64249861704718,23.22171251539008,50.4803386758095,39.11562503530117,16.174924224689565)
(38.85399175048945,49.32302113863432,56.09842443198052,45.69794180836276,35.61044976510482,33.89150297240196,32.73911186816734,0.2960217152519754)
(27.026083811842483,6.689888224409124,53.47357645216437,54.05601673345608,46.28712478547732,34.654804956155374,18.535875089483838,14.714931733701002)
(24.63112682906784,15.363867065054382,21.3150824701523,14.511061797899925,30.854517651267617,42.07561614836664,10.841856469571988,54.03405354080884)
(56.580424921393735,38.118030601874025,20.719532205225292,28.50298504582106,53.96032568600287,15.110709786676715,43.86778324114407,32.48741312728207)
(33.37276099874827,14.031264116009547,1.8157642814365293,33.64089356797235,20.04730735080184,42.47316015964337,29.923316298941437,10.965787461823355)
(56.91930474494483,1.6882028513576453,0.34461478802545553,30.744160754662225,8.768977746991046,17.037575076011713,3.70454250778917,50.37866705481696)
(48.55533275097349,12.381849136117646,28.340417671220873,33.49172350142118,23.262544124228853,44.226023358250444,32.86049702021763,47.308563738389836)
(41.86788010640896,27.57811368274607,27.842562845565787,18.445573903571116,22.256141491205824,49.9194762799178,52.07681695775808,36.52759229556289)
(26.64191542906147,22.777286284176558,28.464623092808818,17.359014616782666,1.4488660775233506,0.3230496570577094,8.892796469504308,31.056254479105064)
(5.486437300592032,27.697440989483102,7.509223120733143,44.94831656230005,50.94192857528958,25.512068273944003,17.09413230310294,33.582827122006634)
(3.9900203344844707,3.581661506014105,35.13613871437337,23.86536260325307,8.311773366575077,46.609409027483764,56.092427085280555,31.569560552950342)
(45.57524427575102,42.207886534013284,20.26264028392173,5.187335866065322,32.86346153100703,35.528893751783535,49.47207758506974,2.8453426401024884)
(43.03676018009594,33.5637842582984,19.490438494691094,4.3092362628611385,25.24990318135527,9.121206305293493,45.771985256961656,20.198850948417512)
(47.34377646618608,42.45218261593745,30.658958887800253,52.562578023390074,50.26477508479944,11.59970362522804,12.870020819594306,43.83574331198324)
(1.345405069938744,5.263041908809145,20.386457139410837,13.3338914896116,12.303284762775517,53.07489803324618,26.20401280504401,44.55429791407954)
(38.00912558375389,33.29656206487709,9.334731400136999,27.564282632561135,47.2858676508843,13.968066296610363,27.059905642982745,20.962998640869458)
(19.808140367208566,56.89987421359017,7.028471711262377,27.156486613622203,39.471961378001815,8.081269342675483,38.35085797011661,35.09729923230108)
(3.2343446909561346,26.042763289909157,49.227958469233464,42.63266358086144,24.021889500462137,8.174427165989337,55.999575302920704,12.625046215798978)
(27.287220019311192,1.5372238963735512,26.358753644713914,17.479884926739047,35.90979083188934,20.8656650665155,56.539029900518486,43.253572230978506)
(5.921977623556676,55.01738358878514,19.36252066051694,18.48696303181474,14.860352545077125,37.737559281412786,17.935855024739375,45.98092136798004)
(14.602707547947862,45.56118812303517,5.503936153082892,9.202136529986076,51.2479629537122,37.385992895987464,25.051427921270072,55.10206708783548)
(8.708609645652041,19.69708423528087,47.73634586793266,28.704031531714854,17.316918424111186,25.21174051593044,29.25576909103097,7.932769359067186)
(33.695241091017415,0.40277088409793027,43.18637930046269,4.458859310980052,26.36323431678194,13.580511121786047,2.9778664105730415,14.745047649910669)
(31.174178541877627,33.04109875082441,38.891181581100106,54.18069741527966,0.7459434744904055,41.951050060795744,23.213575792022528,25.19359725293058)
(37.42014122287079,5.10213167041927,20.42243836203181,53.193130697282115,56.35864717612985,11.099779480461878,20.223703134887526,22.149346223705574)
(41.94540115423416,18.057761912606864,53.16957894276716,19.99536432547199,15.11870578742946,48.397249853365764,53.01257009961982,27.083644885062622)
(43.79287901384993,14.316373318318718,0.2831544429828352,52.54942674998764,11.070479759780737,10.904200752369018,26.907114977809393,43.15931458215462)
(24.427037582541526,24.27399139390575,48.57235675618784,46.4264321880656,6.144320056400126,8.76683033295741,52.38050227620667,51.32104683307192)
(0.32904020211180196,46.423244725695845,33.607566382115,53.00827978590494,30.325772551000473,7.7537985716102895,4.770350384135332,2.119260214505637)
(47.50834578051989,51.49784273764527,28.322804074714377,0.956829329925977,50.72278631186737,15.936783320584215,25.023776166004538,41.4677742805637)
(34.5696529265162,15.30029368633078,56.36163709886416,30.20496888997139,56.38738748305026,48.904677505862765,48.61003734590958,38.89500833270062)
(40.39172345931317,40.434799763646204,2.166095410808356,9.74800166416454,11.402747184255368,3.2257717370488415,19.098564965718467,27.38866447649609)
(22.95372915959947,38.27459118816881,54.45533138600916,17.390670636743415,24.90246101837124,52.512394786075454,27.15396186403864,54.48076852146929)
(43.94804415708087,1.4996880930999765,31.252743846331594,25.56489785973533,33.154313503220465,55.2030218397991,56.46755278570211,1.9898518590177021)
(29.26610618977948,26.84046222967518,20.99012332984212,38.77250866664423,10.212527313141802,8.307829453809244,41.904030226897646,44.12606793458906)
(15.606154597240922,13.621457302787297,24.163051167147366,34.236039878418936,35.66809272746375,6.957898984963185,44.485537864844844,9.474298056663626)
(34.9121613306452,18.834267159345405,23.904017931829667,38.44885832713997,33.907875313922446,33.4378563004592,53.23238896249793,50.063508236946205)
(19.975908526405465,10.67035304676787,42.383955767743174,9.16401221769289,23.168662509643998,43.9599671540646,31.51069617804268,48.28302769858115)
(21.525012976509256,10.203452501985803,48.150246827008985,30.449533088338477,21.05524750995067,27.605800582165973,26.895658276032993,25.56184820300511)
(47.67183369044762,13.634692577451732,0.14219492931497468,53.248440150557784,47.5863616371538,15.286661486670583,23.69827558962606,5.909195525466444)
(39.8847457511507,4.380539181374342,44.74563746220105,41.660687333923605,5.3086410539391,25.300429615142676,10.815491475042078,34.92275636498288)
(2.784619875816268,49.047167189276784,47.22237363879241,36.85227179980873,42.12256293897253,33.28592325054395,26.5126173525583,5.400322537158547)
(20.30366048845661,23.139741834965648,24.808108074309406,41.09551494248886,5.495667801731702,54.140605606119955,4.8699089346323365,49.901639897488224)
(30.2875569981345,25.613258552283472,16.4588045764302,47.253039262557955,51.595651851766604,37.358722972740665,38.62958150140753,18.400164876666786)
(8.247925381256543,25.254448599905242,20.425321435153027,38.95782465173327,38.795148101257105,29.443798506735394,36.45376170969521,56.87424756122034)
(54.84652594891267,56.5869614492753,35.728582555617336,5.179730493099826,24.2208206276681,33.880109168569554,3.076821468311731,6.242381336742553)
(46.755280447688435,55.331794002755764,45.374679880390055,32.99393949269763,49.4930859470244,13.787218231859299,51.99653471073125,23.384662271598312)
(6.006116319392941,5.5413724375794375,3.396260701024205,23.92154134461922,22.570080989517272,10.586475229685412,19.399803542310856,23.367241095234366)
(23.150568815551335,48.725442926957115,33.645200429772466,51.994919829348454,12.690890213898994,33.06719448771686,4.8155244966705775,38.13230113953923)
(41.17630884657418,21.534119270199774,49.26541765758582,11.453701901333638,25.94490356238819,21.189186444668458,25.410356257607592,20.55261511578248)
(46.323937294119354,46.90133976028271,45.06183393718249,20.34054871879692,12.613068525503632,45.4580208085081,53.88964004078943,6.946394911332158)
(41.628838989584445,11.866746216355322,38.7954757863971,11.455960024035445,16.62649397521201,9.426487147633928,37.38423907477472,38.246110557547546)
(6.342073376551271,30.555726548346442,37.33102209786318,29.345301489606758,13.629837918921549,53.85050725673978,32.5473680171281,55.14127190261746)
(43.88197064127164,43.66019688875679,16.03214744994761,38.23011894116021,55.023296618649034,43.980385772481014,45.793225352767,8.594326378653083)
(13.05730279584876,33.520288242011404,19.212200280147833,25.013934972891384,43.63865105623873,21.108107646950824,55.711592316224525,52.720600575657706)
(43.46333290733784,46.36166117778571,35.646836583088586,29.396870970775247,53.91951335672967,19.814850236653324,48.27949184590361,50.79696803809149)
(39.518908155762055,35.19739364390545,24.603979385058228,2.1057887340827532,22.75675119661842,30.218123078312352,8.442936125290919,35.770673500865136)
(38.11556176124251,31.319478492845843,53.64233749605399,26.01796205208653,26.595026015125942,32.21325830935955,47.35033501386607,9.645128026120739)
(17.066400686330976,43.450675776785666,23.264760740661423,29.66082997287677,45.953478695536035,47.61975653977826,19.478931702971195,44.1364633205083)
(20.9094232840316,14.158323033733664,47.648360309604804,47.691641221113834,10.549188974196497,35.385968029562704,0.868307822035625,6.650345774580663)
(0.6736030250767292,41.48816184350803,34.93509767337625,53.91694652710431,23.86103242990991,32.61108740598145,15.17938826383851,22.295666507810278)
(55.43666029558514,11.90734556810437,42.971822918376795,41.88152363482551,48.88130598794374,56.314281330166224,56.64274244603754,33.32529505200868)
(1.2817744530926514,18.560521179715913,16.676679396938656,40.630473427890834,1.9414232732835242,27.62807533753146,43.73491054337155,49.57441181268685)
(22.62047428051178,28.374211352752116,30.549250813761105,38.83661420945077,48.59980197499626,21.062045909639355,12.006307661578418,27.41766236287095)
(32.46068853619758,41.564915058179686,45.650367285703865,11.324136957561645,29.903996485836778,53.44029384959262,35.022002246104975,12.374101771689107)
(36.34684571615307,5.167416826253935,21.691130918017635,19.202035201369256,8.242627771209492,47.93333696429961,8.431265772453923,19.481176002005537)
(39.26212707081143,33.77074854953094,5.6480854538974,10.071894576572012,22.48928736331378,10.979858179386524,51.22547074507182,19.544510698764995)
(42.971146240120156,52.057051052276556,43.32086658007837,12.932181129094031,44.2282348515714,33.66465489289188,56.499518692653965,38.71102009679422)
(45.667908717819664,54.17282138498425,54.339367208615656,46.392429062542604,4.738266926137527,19.70081708984008,25.838599537067555,2.502927750586613)
(9.487677197194946,46.48452069783574,49.73963329345281,6.0554167215852726,54.2956817489905,40.95772697304831,10.36011661530776,34.45813021787554)
(10.026797031979722,14.100467205834793,50.886618670046765,42.25955844191433,19.90298569807799,48.81674001870182,42.05127757111662,6.933073476361664)
(14.137976715599494,1.3190960705967423,14.906964486831475,21.998331482143495,45.712341244175114,17.53301178542563,26.87458192254042,13.052647146197378)
(13.857693641296555,46.80196708256596,26.821934290752836,1.7821447222299236,44.8585902996427,38.11138091317881,31.284369451808917,4.723093069669394)
(16.920492173832237,51.18909632545045,47.55015718941186,0.6145367951178721,23.049475514606897,38.145786712794575,37.93202889475744,55.83228309199428)
(15.451618387205134,39.08244930053791,41.1859557598984,14.32961678718944,17.03467976348256,18.404439932819738,38.919191663635644,36.29321263052329)
(53.32762315117984,35.34903457064818,18.06303669752649,38.367202609702616,11.750259508170515,53.510752842113824,16.994166465042372,24.29996645627888)
(0.3672676684432937,24.67271997323087,36.15624505897558,9.935223766694511,25.541293087605396,9.848929230339795,56.25943885729628,50.022397082375946)
(44.289359185909554,0.1753270786292952,11.353981224485658,55.49557458673499,7.55870511767691,1.3503467075852789,5.63982801225124,27.007632433611292)
(56.48749860804467,12.433227275355847,5.818245122367153,31.621646088474918,28.96744198785686,29.862002160249304,4.692559877076446,47.91829505545201)
(11.098681000823333,2.58105809696428,14.761020388736561,10.164947398331833,23.03795631690396,53.476938228363586,27.829313548769328,44.18387284955361)
(6.975735446613561,32.59101593167114,2.992473788919812,26.406787493970366,56.477545798386515,51.487089250457,29.565819663142474,24.131236208305783)
(55.46431803155947,40.50710122605953,5.993769362462093,32.24304035262171,15.40060427059398,15.132678914262216,30.197786544600227,42.393510800893175)
(11.60927243714811,51.91529684564271,45.36408105470754,8.576791488717015,8.482052582195792,41.550484563473056,30.831820660016266,20.17371042208057)
(28.998356941309993,33.32271887842183,4.99046117248208,52.43966367297128,1.1830063734232796,0.5714933593841662,9.166034116922459,10.91089968418621)
(13.163273399782042,19.812951873075434,3.2343913571196077,4.957785430634591,34.48642878619498,47.10901573689284,48.800446868776895,55.44783240511261)
(31.850765407475294,7.2570775214132865,31.743141926929777,40.91419142138127,39.72992415487784,39.74457909387943,1.3169399102880641,29.010796185954632)
(15.406556403387912,19.17154660509296,7.314803737136268,44.350431945444534,29.71058336612112,50.240256290672235,34.17222145539254,50.74567513595829)
(24.246437333633295,16.155410286063923,54.09318500029277,9.851174369136961,27.832244295661987,22.820641113416183,15.688593979451191,37.67285289187422)
(43.123798977304396,31.447901120452894,54.925214874679014,22.876336287640928,3.1813145985913183,35.09162356917435,44.71271510264252,32.02827308531649)
(55.90350966398529,55.675439905166826,24.48275673676332,35.15057891742153,13.416585856956779,18.067727054051623,12.332911734930972,0.041800668317878986)
(36.86541822582049,1.6385012633721376,3.0216518566699477,1.0618102803495244,30.676949448340224,56.08515411451932,3.9181639432918,11.988153550729441)
(2.708471694032337,8.546805555950478,48.67231773749456,19.119090677728337,42.145735874121016,26.669919777745058,40.36537400492652,20.76831994383322)
(33.53448033886646,43.42789304108835,17.44700474670169,23.40287415916733,36.250267411262115,19.125729141451185,41.10594264910087,18.954544132609385)
(14.428000859062292,2.220082184138293,46.3987615187178,10.733442420714292,2.034183858179947,14.999474511011094,39.5332645881549,26.182159949549213)
(29.565072436946995,7.698518240008866,37.13584705144832,37.672050339054536,39.15647205529893,28.27109237424505,25.640992308818007,25.103649868674424)
(46.62437155422352,20.689448104547317,40.91226245134562,56.27878632511477,34.71946116193582,19.040668096068455,41.837653727197285,25.094457546002957)
(3.303601255266408,0.029542894418222554,3.1632273293344557,25.058485117566757,31.869374376840362,46.92934010656995,24.37112959955654,50.84096944125411)
(26.917176403248373,50.0718054170867,9.319387872037185,4.1467417406944485,10.437196870093137,11.439487039011233,34.788297182536176,23.94095385326539)
(37.92813127497533,54.25502581403696,27.60535147546119,43.31424515304393,17.805308878882176,46.564409238805105,23.00017179902985,10.47000990634469)
(1.3598551330237267,22.405087875689503,3.614413917826637,18.803764199315637,17.36467913619276,29.74412224784331,16.00323643275807,42.91194687668492)
(9.158245630962117,49.421148846279586,17.465820976249184,48.29478184643351,13.360200413400818,7.328901229960994,9.082177600399877,3.014288341656155)
(42.620997131392876,31.49528619526424,24.07394598482406,44.201333626273616,0.21626315969128262,5.616341601953799,17.012213682027802,5.8585002756924185)
(52.76144801238752,13.58078488240723,35.924422990318824,56.04703633062042,10.669052298999599,36.06422243047218,18.302121207420917,31.81511136100279)
(46.230218257321326,48.104830854333436,42.730682546387214,46.602907761673585,19.968970016857313,7.1055054390484615,27.527415915700978,56.515411492025734)
(56.19094758538049,35.357536498822256,48.66737644749217,17.890217307030515,23.03301809250479,3.268437388876915,1.9490104953117067,47.88174435658047)
(7.382158388165922,34.07724369745752,23.024916544508578,1.7646899233753286,49.33635406039588,10.237124941248743,49.42150056958305,45.19157368889728)
(32.77889155406925,4.12983810162862,9.022242850658413,39.043478561211735,20.943594334232444,1.4097994241198817,4.732783782495592,18.615968921188184)
(0.681816777503273,38.00188585492498,20.244732478105906,33.62334757159825,55.37293402769383,20.22138725894539,14.454680728666007,29.923385868632387)
(49.11050828175058,56.71774881911324,4.779889970942803,32.23276680420535,29.11508324799369,4.200336916536025,22.64981394756185,2.6257457843683514)
(17.559348191302753,0.21070615997395115,52.272904533917306,35.22285765907966,53.739398894229815,10.05111057718027,0.8652844092785358,49.55813126505542)
(1.2674653233851059,29.399045491925648,48.54251293277313,46.61498576830058,38.46214294179342,7.067908514738408,34.251965561944424,38.22854404831665)
(56.494986131519006,20.822539244065105,9.9848184896505,44.01096492393682,31.435629825455084,46.783958270671974,14.544243268304314,54.38315325559112)
(49.695860882327956,16.668570527714685,3.6961857696794063,11.42137059087474,55.332197906212194,47.371173099580375,28.501799017569976,24.238677293878897)
(2.0648166696762047,30.132119689115672,34.99229458698855,47.153261745724855,11.07557501218021,16.270294230240793,42.80487072524562,10.059568334235879)
(39.802658579220655,7.247140739529274,41.28254725680175,38.73654533783524,27.52125898808981,51.44532516272132,5.220158650601455,1.2862015157598874)
(51.024041858193314,21.84097294353033,34.567504298613244,29.576470890327553,28.646775094933297,0.15274459183832778,52.15628392415474,5.331165409984442)
(31.86502366157885,35.751191078801156,9.165065156190153,50.43890502087674,17.890783570552244,25.55051600816454,8.501443058996442,40.142362903135755)
(41.700720373087535,9.65266513540372,7.130860076502012,2.1570088918292862,44.4354766123158,35.27650612558822,12.931249625644291,0.8646642617854258)
(31.160172195497072,16.885514838104037,49.56949992722433,9.974844683671941,54.352939672013875,30.529214354343367,32.848265498109626,0.6750527226702123)
(24.727013445710238,13.661383184211871,40.20293143306919,56.442828128126145,5.866512145634942,1.6399910480445932,30.827339502910917,1.3456952577407963)
(50.66727535617215,33.39119798523572,33.21669363112869,6.274829045918794,46.3822267754166,56.57837730795021,16.110025036670056,7.344236520109621)
(54.522130512920626,9.115554447589574,31.071408239097742,47.82115375634549,25.58594464076389,6.696232633760341,17.314405246743,44.520599535123324)
(9.914832921609776,51.005768725957225,42.58079239731882,15.617809444871131,28.56183795829987,0.28869453327959216,9.965725592063764,54.40505156345559)
(39.260084345013496,51.17912087799613,42.792876689890484,12.62749309845008,12.481601232451998,40.34948919273331,12.351174763467245,43.73195229226498)
(10.907568719326603,9.707454375404177,18.03088909252959,20.296688015260433,23.435068193761808,50.85204914542533,47.780443886591705,44.46020747204493)
(52.274217626735044,19.276905327653164,14.71660106924453,5.586966407737156,1.8151713385080632,21.413993819374237,39.80387473409535,32.88562633223643)
(31.236081536654154,51.711554211608174,29.72699436737713,37.2819727953901,37.887731637053406,36.57188887135119,21.780190871172298,42.85659990561637)
(53.5252938232736,44.280463175931594,13.059928257490057,19.850055354461304,34.556429399463404,7.497789179397174,39.223040706948645,35.82843071479358)
(24.79340336979633,0.077307292065118,53.35263759989559,27.195389312814704,27.41474506491498,30.166486839041752,55.454521925085935,29.91102986877537)
(26.420838045552912,18.662620891085563,53.77192222113398,55.69175039271866,49.53063242539029,6.232918645452556,16.23070282874223,20.325842409270926)
(56.97902731716355,5.114266168592385,39.2754780152857,18.691119606036732,10.111013138525763,26.14577448469049,52.835942395493596,0.9676732104714635)
(22.096294541239672,37.63943790988104,23.748896290555223,35.82890064811997,22.914524979052757,0.8648543813977169,9.258426657563351,23.667030400978277)
(33.92589340592749,37.651525733474,52.20666936276797,48.45906101443257,45.18479596041778,12.044048394634089,39.4355794989065,51.162176095974395)
(29.363233758703768,49.84677528456778,54.05859926548353,48.83108329143472,11.957721235332883,40.24887067412079,29.028602725016118,28.91179178297898)
(9.608920613753419,4.949128861446739,28.537653429397487,27.06397707812308,20.6147382620353,0.8355472382005968,52.7402856468507,33.00247250699939)
(0.29307659857241064,5.7876131575823395,26.357095338784,47.70997691827854,15.957422701309854,17.09631488092392,20.557551111961754,14.044537995709712)
(20.412283434012053,14.122118757066467,40.24712763544643,40.466401391222256,1.931856779543228,19.66692629181933,1.2915581103065952,22.47270702894045)
(47.655021311875764,44.46617465963652,26.56302903019135,31.29669128420793,46.32380718376794,32.10372465099546,20.06762883164115,3.112608525243508)
(55.30187469620001,19.447483656593295,48.19359385010834,28.598899810783028,39.4165261049953,16.088678523134373,8.31460127253387,40.638198385231476)
(18.433050198878536,21.145551474677912,11.218845464951393,7.5285398080035835,46.41681170223789,27.341323510858285,36.17460426280404,34.90715135003229)
(21.619517058349768,33.118246332594424,45.794115405314614,35.21756005419688,22.684891289502634,2.0526884387762996,15.658667313127934,16.967270822147707)
(43.9943032264995,22.781301515200976,46.25040065044549,10.91914487046022,21.43143946055778,16.567107232635813,44.9723556982393,14.693788489517072)
(16.72941014633633,12.967000357746263,50.585125272056224,39.49596790145838,1.062105323395389,39.414964805863285,37.51364232056221,16.37697869175888)
(3.8883252648214333,55.407313095936956,20.099877388553807,14.714353885976887,19.481578009764306,51.68285431150003,22.364706309880248,19.286463948147752)
(23.82164119431807,34.52468909019253,41.88564904066052,24.963586425109877,0.9078131458489765,32.2683127068698,20.048314583246544,55.90801892100652)
(0.18608613743940372,15.132848048571852,38.17028533638267,3.6524862336624446,34.0063200031903,32.920655092966044,43.45945820332179,47.099056122819015)
(12.713831384905177,43.43412583259955,22.52093425640232,30.097158154859034,17.525406689118146,21.814594243360172,19.768089112001615,12.334820936657737)
(26.905790338257145,7.744232946288973,10.035127385520651,13.694278299760501,3.0849987102130205,11.971698169574527,13.365768387502921,31.736865726317383)
(39.08275663305439,4.767740856763268,25.64659657436727,51.04359025575326,20.939681041507587,40.27956707523587,47.417194541004484,26.503021946688282)
(47.113018094063406,18.240241013110357,56.539932014657715,28.971222765684107,40.992712059688124,49.30632157404866,4.182024646178829,27.941309930810636)
(38.70200334493018,35.66362659929447,3.2817506626451673,46.46294526580842,50.68346810893522,48.98087567637617,8.588941530821808,32.03818060132114)
(36.02532732526315,47.07778716431721,7.503252101505637,32.577752171888605,36.2193123178257,11.73697724000542,28.179803544617453,3.8602292977317423)
(40.0867968029517,26.019360469605136,48.74843144880669,15.58679179628532,9.373115832901767,12.773080787207986,20.223169448168616,10.478117267748598)
(23.780381694004813,1.2016696039366295,16.879739390152707,1.9891096712637677,16.2359926883008,29.46639692576607,26.35111126134026,19.711826787554713)
(24.168553515676326,15.685116618568,41.174121846848074,48.70269122853015,0.9951213609922057,9.312683052551742,35.86099696004446,48.16995701997855)
(6.892115055413689,38.13643257170444,18.056764189586254,8.744528623744639,21.53474880643678,42.82814235453302,24.321553489398713,25.04972683466493)
(44.34590545965776,4.500926425992812,24.479753535315865,17.696431140357223,8.440816854438062,34.46518906195572,11.164736635856015,9.751919386974802)
(26.250241276308955,34.9417509171068,53.46523250164567,16.131587874583204,5.988914250487087,43.58480310292894,18.67129242142589,32.534586589332584)
(50.5628427260199,44.51895387756712,6.541028761482013,15.502331164974485,5.171509309906736,41.57127932991556,14.270403426091995,20.092109376904638)
(32.41328742821055,13.68499902398064,46.803792899586625,28.58719303370478,54.368325828110564,13.912579369400682,52.90052839284706,30.135750559134244)
(36.616696049136145,37.39595975076216,46.30173134613668,54.602841354514815,21.933962218075596,44.12240174362215,26.946803741070582,49.33959590365197)
(16.400003220774447,20.28490904549,20.57621455530656,10.619738174765507,9.732573900217808,11.604542153536812,52.7491688167711,48.01010047272619)
(31.983901889947926,7.083495254958142,12.685431878318193,33.148195542828965,25.185317947317674,19.914312228883023,36.16291254210033,34.66860178013407)
(49.54631350397072,13.614515075508633,34.52120877012706,20.7678454481374,4.648121598378216,26.170020557757248,50.649172528665126,8.403115436992172)
(8.57808822613237,52.00691648675227,3.128430697746987,12.442216919658946,56.71655240839097,33.1719687861052,32.572712959177224,55.58415534589188)
(3.494662487088761,25.819870372904912,54.9660869108143,24.212721265744907,14.204410499558076,13.028691280282793,9.169836218195359,26.95415195067483)
(6.857394985199221,48.79843780422657,9.868928969535332,28.1297964733491,28.000883419339093,36.1747115144925,23.037385548852644,42.02023900922927)
(7.96148043772726,4.85493734177084,30.12138147251508,55.98821879310527,38.71994971734743,42.03790381349618,51.50365949656831,27.097590109607985)
(44.21369434826416,48.8386230266525,4.14797229314819,28.587128426007943,0.32312267710013287,6.475932568095531,18.17756110659362,41.821695050478)
(44.85153889980955,33.23917057181998,56.152955992893574,0.7032563970163439,55.037943777336004,12.430870161630676,18.768961440682492,2.833246815535133)
(0.19208706369671236,16.924925942864867,40.152303768987984,10.246040068876162,13.449988857132176,27.819880589943708,53.63341455634363,36.76671293780025)
(30.17210541275285,10.212500288615487,38.384816367266986,44.29866353547079,30.763382702646492,3.8636464620059745,0.8444596613508366,38.53921761977176)
(53.70156700997237,40.90814598493129,39.574186334370054,39.95279657690449,10.19731131509413,24.0531791083344,23.082138761704897,5.255018484660915)
(47.73499482581719,47.26350561562344,44.386597477580516,24.902501098809843,31.313345440355967,12.24257548828196,25.1575695823414,1.7944323842137857)
(9.407386752813574,4.46946902836789,7.334934742066052,27.83590107825097,12.122183272871126,11.401480700987207,1.3106732354077173,42.73851690227059)
(24.609561029285008,14.499444697895173,51.27879343393786,32.45046110768739,55.6770414678122,7.811457451218709,33.773416343488506,39.616442391827675)
(24.696981842170526,39.62413412222635,29.695696254488883,50.70064071427593,4.552271914425088,49.3516605457419,52.997014361909656,20.928375225745683)
(30.56191100770051,11.409801481823171,22.534779863206285,5.375232948299875,8.736888664486546,3.8307042927512254,14.834954990806885,14.061215756674832)
(28.490831882919494,14.307490491914976,7.706252012805462,33.852540294171376,17.74086203653146,40.22621884757349,46.54017297596137,56.88442777813918)
(12.968025205842894,16.692850810169094,25.72108324970862,37.48645783310605,14.27194669178976,48.50910838313473,19.42498358081564,48.171681831584046)
(44.97161768266021,37.17879772282107,34.87091369581146,27.724662715834636,7.37803459914721,3.635519602975463,25.806387624045087,2.694297143306029)
(4.357721642307479,17.520189474996634,13.126167491799926,7.41364145377246,56.24755835324485,23.208226413538945,26.223553968876196,16.659439392321204)
(23.759697036496057,40.84091492559682,53.36394846853723,0.3775202468683002,40.3666420253821,9.660816056425048,37.71049097832297,48.764376968912146)
(4.50533189025389,29.70708046723945,5.116461775997873,9.689533542494205,54.58550769451332,28.102328334812515,8.506811734786059,42.583594307673884)
(4.414623382832438,30.29677053767512,10.04233699173829,27.79321996841923,19.065098101378652,42.778333924354726,1.2379598941275538,14.475222744425995)
(43.177505537118286,27.084392348447704,20.15740182180548,11.071022577968575,29.645687788668294,23.534399956412866,44.043098013018835,14.154241226856907)
(14.242942109929738,41.17205078930583,40.44789716602907,18.993330867188227,14.126988908195822,32.73990503275015,55.80910161248121,40.650819835588436)
(4.3122011595968806,49.803898448585315,23.278538503192888,25.427883458002807,43.43057331569894,8.49948668041563,40.43807275171014,42.67550137605514)
(4.805067426440958,27.47083682683105,48.13529801323064,3.5436156941673853,20.26079127358386,53.60742837874262,27.133089403383913,28.691045650570757)
(20.302408068163192,41.41316746127858,12.353783285709595,42.61265990009651,30.802395771825985,45.52362473005117,0.1442955242960341,16.988286952490455)
(42.49911548686714,12.687452867352112,38.52881034871896,43.33664651133229,50.672140992005765,2.790808216726364,4.945343547686103,54.27035452953556)
(20.089029329218498,31.250831459491774,25.42058492595633,54.89774838428693,33.29240507066581,25.378457246006555,38.82336411722379,15.050132034489021)
(36.120131191014,7.092126173804866,18.812756948003,40.85234912866507,7.09895772609855,31.81294949649742,43.76035248732556,31.092988516167953)
(17.1248681107,37.281205717248504,43.72942575870195,43.93284640980274,15.305281464188337,50.890049528445346,54.33515918194207,55.910743952121024)
(37.4557650980627,23.822693783857098,45.79964557066787,28.52707429414833,48.5943150412144,29.909650158839817,27.23405481348958,19.997316933472582)
(35.3362334502573,27.701562614123983,55.23461479937565,37.20365094083349,41.52374663291995,2.229785412276974,7.446094135737056,20.298057744650666)
(33.68508097088639,52.63653027311583,40.38223304118753,13.31380927407065,22.720196896434114,3.927632399229579,5.781885601189195,29.137143881061093)
(37.758461112349245,16.483756635572227,10.894676218482013,11.161665930071393,17.101480262002905,28.549837647232017,50.459245825292705,31.462083216863583)
(51.05359050365395,44.99735546526179,27.222458031265422,11.118067391167024,9.458502500616124,35.983158064079134,7.432449487280101,45.57924851190025)
(37.62446578563599,25.10608301811717,51.42769511316875,35.380043198664765,32.6507735553157,5.518323438697316,13.694188218755214,21.902975702810622)
(34.081329521146365,22.151451942235024,3.190100734209001,7.145776526343698,34.33485679576033,53.90209556778183,0.40237143621729066,48.772091807880784)
(48.129284972649664,13.415702732946114,52.40485455999015,23.14416779534184,19.13981661128914,31.049149999290417,7.120473751394641,56.9528736654156)
(23.907740024181052,46.26779894332448,6.491181347317188,13.608293017241694,43.91607965026962,48.906751001040384,52.0783065113643,49.04958644462768)
(38.473946836760476,38.92007824135148,45.262709838402955,14.965329917237963,27.584782631404376,39.467387302081406,17.617836585046252,6.749999561366038)
(23.28598752015189,16.080633961794998,18.035032981416286,12.936050042835706,15.73273283007651,20.146557328228603,18.122616223814155,35.68365537473608)
(35.15306908486517,14.775970273056016,38.86953052123979,44.79016986646519,33.93852237695883,24.524905231927207,22.081130177814963,41.54818337277198)
(22.73351409004135,48.7938610270125,55.67301929925432,50.3887227839964,30.35510951921167,25.264752095700064,50.35236500046944,49.72401299235262)
(31.65583684480005,39.584626983145725,34.690397809849884,13.415225352874375,9.092276395861838,12.281017833601958,7.222849402766619,31.44639494336614)
(32.87545359761751,1.0139439418747382,24.642882661294067,22.91766880124476,22.02042925506349,34.483704464778526,46.15084452900542,17.277591828486056)
(21.422895000747925,27.232020326334666,28.244303159830284,50.82869394280154,17.18933658692113,19.74133592681008,5.1405921788541455,24.330628806647027)
(39.41610114004767,1.3576796353270146,39.386267146618536,13.109083217227983,15.434156123203506,43.278631006283035,40.54359437438756,52.99858668979824)
(18.455817238725672,23.04357004013822,49.87968944833611,24.74584244774255,15.588946387691577,12.6170487418977,10.618549638794756,36.65388070771747)
(53.87811952586305,33.18127902704486,38.504498806021864,43.604302040661466,27.58911081043153,27.20310298393333,36.58303074684871,50.61823974090207)
(20.503812018011327,9.710377389885416,22.14667859436087,53.06175177553312,24.12537115952103,38.70000586234744,39.13492993221057,26.665423666669266)
(41.08451092551157,16.675746342511598,38.98622390336568,38.7774912968462,8.3760997592854,19.089260036996144,34.82800917405257,21.924847892857937)
(32.13476285320375,34.91358555491695,17.3675163653038,43.97394165856163,9.878614724495453,41.544790121388445,51.430322650303324,12.12445321936422)
(27.051016360094334,10.341413486684266,50.3381179033999,10.966724352505404,21.923732118843407,53.8605345747026,23.433886047139897,6.386901256376687)
(53.579675027757304,46.711955436106564,33.61835215146677,12.375791145186597,15.322727454239391,34.59480194453283,16.106338634621462,31.27996230990238)
(30.659069135844067,44.82218678114163,1.149188082926319,15.877430524740383,35.38604555069682,14.438827186863286,18.78861695354273,40.68658952797529)
(18.673106987584553,46.39029156000119,0.3164164845469888,39.0480651825647,42.67050813138558,30.46982396495656,38.663761196063746,27.02060749015845)
(9.818201147907805,24.67469065515847,47.99697079842215,40.514080004576925,51.61040611529921,25.511423783632107,4.860813828528965,30.579319846001212)
(7.693816447439691,12.267731613226594,51.55623672482243,8.080368998198784,9.51705615631314,47.9621588002782,27.3046956511068,35.32648609100099)
(42.95257203986361,41.126010247510386,30.043134988601054,42.35571745885038,31.662912359383363,22.131678264925878,0.2527925332797887,15.554954021033382)
(10.340891288478634,12.34619825428988,29.202963494218043,24.066461699075777,14.118988390132621,20.957828610240487,49.76026304440592,24.70768441974357)
(8.959140260382641,30.502431141795576,14.3277696947145,20.281798978894514,52.477735142597986,15.871259631009433,54.89206399591252,25.955453422050397)
(53.10010731985006,9.098875117410586,34.91605842313473,53.882393859972545,37.46566961349161,35.00143846715852,32.17860136563004,23.882561240385687)
(33.22288170209478,6.018323016478535,17.73498695485845,4.2627777529623225,5.556147341795416,40.388995505525266,31.47594418430418,32.12005079494891)
(35.137774084653124,49.792208834301725,1.9269887749440018,41.17312050328895,33.260188661476754,21.690314057389827,55.98039626738941,37.536960385624624)
(5.212697764338012,5.184132316432836,32.85681987250652,51.14785879251367,0.6142799174490515,24.196039190220205,8.936569231240515,16.539699620541764)
(19.261780415222926,1.6541820929105633,12.17795340170651,43.94167045069418,55.608729890550364,20.482150090567988,14.491467607635157,24.788770661689682)
(((((((((((((((((((((((((((((((((((((((((((((((((((((((((((((((((((((((((((((((((((((((((((((((((((((((((((((((((((((((((((((((((((((((((((((((((((((((((((((((((((((((((((((((((((((((((((((((((((((((((((((((((((((((((((((((((((((((((((((((((((((((((((((((((((((((((((((((((((((((((((((((((((((((((((((((((((((((((((((((((((((((((((((((((((((((((((((((((((((((((((((((((((((((((((((((((((((((((((((((((((((((((((((((((((((((((((((((((((((((((((((((((((((((((((((((((((((((((((((((((((((((((((((((((((((((((((((8.100969199392372,(46.16511803911783,(48.22060709712528,(30.98361601217963,(0.9292745828789356,(43.77501761966181,(35.86478941768357,(2.108432878998661,(27.556548449690965,(48.45829388048026,(25.00545647946234,(19.040295832792957,(48.38174484910061,(35.26696736847933,(55.49334164700937,(29.1505973520344,(35.72865949501489,(27.9216285054163,(2.455865689852883,(56.61099048644892,(46.41944123162432,(12.643206502775888,(26.663847856781402,(46.43946717626936,(31.172781729635293,(31.93767988340177,(56.112473759628124,(29.121170046456488,(18.522382497348946,(3.925606905844549,(28.85530983584133,(10.359126878657285,(3.2916697687678798,(26.391452979077076,(34.52859748729808,(16.548461729524547,(17.004265072373148,(5.597832798612576,(53.604839114588174,(27.54247468886835,(25.66700355516795,(34.79923353737347,(28.449614459400347,(50.89428343589948,(37.693071692551726,(54.19065128675042,(6.048408833044103,(27.56426734548499,(7.339464261992981,(47.401279289591486,(30.645569584539558,(3.2995454462103195,(47.791921114928805,(10.721568058332368,(26.47993842536277,(11.26467032168063,(5.613669637737894,(34.77362245864379,(43.1301898723069,(22.220271764693237,(14.3636456343276,(20.610715567787786,(4.406667158198394,(24.200701609584012,(16.609314222144935,(41.393817621513385,(16.86738316973617,(18.50379946832764,(0.08136347446656866,(55.06741436202489,(5.280791061147971,(12.40092576988476,(19.767394648968647,(49.506838831728665,(30.896476222223583,(14.504118181371801,(52.194010013221266,(0.1806874853917132,(18.604112322174846,(47.94398742226151,(39.404565298381534,(16.228903075604,(45.224683596818,(11.313898720704188,(3.352504229747321,(38.06545298065854,(53.415043214978525,(16.28554510958907,(28.635602644375403,(12.491188385513325,(31.279589885839627,(31.931860683944862,(37.51217200476622,(21.735011997137516,(34.25956290407973,(9.205057802645552,(52.804837237495036,(5.934241037727855,(5.597365902264316,(20.32278220390517,(5.69516710416186,(45.5178852201891,(27.834826172083325,(10.742040215404883,(40.18727397201703,(12.268845887762357,(10.348504198760176,(55.91582627315792,(42.36785756855252,(37.57687346835786,(7.913072268513622,(15.501425657659187,(50.56418583591116,(2.5838017144038252,(52.27582850601167,(0.2199187765177113,(14.305611960204526,(29.689382474922482,(34.97950161242491,(15.997568741133684,(31.88063247382989,(50.08105031479041,(25.323318843205897,(20.21001599305674,(42.14053416596116,(4.223018334550253,(18.477478504552987,